1 0.116698 0.242069 0.084293 0.093651
1 0.194167 0.231979 0.098455 0.110311
1 0.304796 0.254024 0.082228 0.084120
1 0.418730 0.234688 0.094449 0.116621
1 0.494448 0.249834 0.067682 0.097656
0 0.593842 0.263671 0.093020 0.080577
0 0.712188 0.269038 0.097605 0.110042
1 0.816362 0.244097 0.091770 0.084781
1 0.907981 0.243041 0.092932 0.102916
0 0.082159 0.508385 0.069025 0.117423
1 0.206826 0.491465 0.067949 0.081104
0 0.280248 0.517243 0.075354 0.117137
1 0.385041 0.499996 0.079739 0.093977
1 0.514270 0.505132 0.069949 0.111398
1 0.590296 0.517460 0.090963 0.102213
1 0.686741 0.503553 0.062644 0.109374
1 0.787896 0.516773 0.066896 0.111201
1 0.885669 0.504075 0.094159 0.113162
1 0.118136 0.767287 0.061021 0.084561
1 0.197624 0.747679 0.061734 0.107060
1 0.300249 0.738357 0.093186 0.112891
1 0.399595 0.737593 0.099322 0.112230
1 0.492401 0.744469 0.071792 0.118219
1 0.596887 0.767197 0.062650 0.099193
1 0.703636 0.767162 0.091678 0.083518
1 0.796762 0.751791 0.062196 0.092271
1 0.889334 0.742542 0.072185 0.112113
