1 0.110109 0.233260 0.063459 0.093574
0 0.184429 0.231449 0.063197 0.108248
0 0.319819 0.256508 0.097807 0.115228
1 0.384455 0.241041 0.072511 0.097274
1 0.489239 0.236276 0.064162 0.111176
1 0.617842 0.262285 0.088820 0.103112
1 0.695610 0.263233 0.061843 0.095539
1 0.791706 0.261914 0.090919 0.098280
0 0.911111 0.243412 0.071406 0.089770
1 0.086334 0.488809 0.062289 0.110602
0 0.218549 0.494504 0.099779 0.110183
0 0.280255 0.486134 0.061616 0.102077
1 0.405410 0.498588 0.060535 0.108979
1 0.511918 0.491825 0.068982 0.098091
1 0.582674 0.492292 0.076610 0.099550
1 0.700469 0.504702 0.072004 0.113167
1 0.817910 0.483253 0.097231 0.083283
1 0.906865 0.484900 0.086919 0.113635
1 0.089235 0.749075 0.096712 0.102045
1 0.219902 0.757185 0.060426 0.098078
1 0.299929 0.745015 0.096858 0.113862
1 0.394773 0.730198 0.079941 0.100623
1 0.513582 0.735084 0.079045 0.108537
1 0.585833 0.744849 0.090780 0.088105
1 0.680748 0.750738 0.093788 0.086330
1 0.781940 0.749361 0.068510 0.090106
1 0.885380 0.750350 0.096805 0.097174
