0 0.113237 0.268737 0.085937 0.102655
1 0.167426 0.235382 0.085925 0.089766
1 0.227254 0.232029 0.087990 0.102400
0 0.322657 0.235297 0.060112 0.084369
1 0.385896 0.258091 0.066011 0.096271
1 0.458876 0.256759 0.090545 0.100472
0 0.538231 0.267213 0.081754 0.116285
0 0.610703 0.240870 0.075913 0.086596
1 0.677375 0.240546 0.094233 0.113466
0 0.747297 0.235491 0.068229 0.115119
0 0.823835 0.269041 0.072364 0.093146
0 0.883094 0.261318 0.066037 0.093516
1 0.082483 0.760132 0.071832 0.117801
1 0.161106 0.759085 0.088305 0.117099
0 0.242097 0.750449 0.085183 0.114144
0 0.317845 0.769745 0.061502 0.112374
1 0.372161 0.732676 0.097856 0.109908
1 0.463058 0.759390 0.081864 0.097931
0 0.542372 0.738157 0.094226 0.088645
0 0.605553 0.748597 0.077948 0.092423
0 0.674459 0.759273 0.070720 0.112591
1 0.752534 0.766283 0.083944 0.095759
0 0.816187 0.739709 0.087269 0.086974
1 0.893910 0.732907 0.092673 0.103458
