1 0.103134 0.256080 0.093447 0.088256
1 0.219422 0.268041 0.095083 0.099410
1 0.337254 0.238183 0.097348 0.091328
0 0.427277 0.262562 0.097646 0.084289
0 0.564250 0.235096 0.063411 0.080878
1 0.662662 0.238354 0.097540 0.080424
0 0.772855 0.241262 0.079484 0.110528
0 0.904711 0.262031 0.063053 0.114486
1 0.116221 0.764542 0.061314 0.113740
1 0.220698 0.769296 0.067121 0.083204
1 0.345366 0.769439 0.068340 0.080694
1 0.439236 0.731010 0.061483 0.088878
1 0.550548 0.746980 0.090089 0.119125
1 0.665794 0.761561 0.076290 0.117903
1 0.788510 0.732928 0.090798 0.116569
0 0.916387 0.764931 0.092264 0.119604
