0 0.094907 0.243316 0.083414 0.105094
0 0.219350 0.259507 0.065744 0.090714
1 0.369689 0.247395 0.086418 0.084166
1 0.485886 0.254098 0.085914 0.085356
1 0.625405 0.245842 0.099068 0.116813
1 0.771809 0.237384 0.069776 0.098730
1 0.887450 0.235018 0.088946 0.105241
0 0.115267 0.502661 0.099526 0.102954
0 0.213846 0.486756 0.084779 0.080007
1 0.350897 0.507250 0.063150 0.092999
1 0.480572 0.509261 0.072424 0.100178
1 0.614172 0.502945 0.084549 0.111383
1 0.758462 0.501308 0.076476 0.087535
1 0.902297 0.507562 0.099432 0.102141
1 0.095153 0.743577 0.073689 0.096333
1 0.237024 0.761251 0.067261 0.103616
0 0.360628 0.730883 0.095946 0.107832
1 0.493492 0.756409 0.076956 0.081128
0 0.635258 0.730590 0.067263 0.085011
0 0.780929 0.751889 0.096042 0.119128
0 0.882397 0.759353 0.087447 0.098544
