1 0.099495 0.257263 0.072654 0.108972
1 0.197497 0.245665 0.062468 0.092800
0 0.311157 0.260063 0.062663 0.105135
1 0.387997 0.248356 0.068966 0.094749
1 0.494230 0.241170 0.083659 0.085546
1 0.590703 0.266638 0.074572 0.086387
1 0.708714 0.251160 0.076111 0.116374
1 0.791584 0.260788 0.080843 0.108164
0 0.897017 0.256637 0.089042 0.098155
1 0.119378 0.755989 0.076023 0.102694
1 0.208584 0.750064 0.076272 0.104725
1 0.299616 0.756165 0.069305 0.099296
1 0.412056 0.737890 0.096022 0.111458
1 0.493455 0.738745 0.097631 0.110294
1 0.590523 0.743795 0.082984 0.107007
0 0.701702 0.738218 0.070750 0.119892
1 0.796756 0.766359 0.065508 0.114768
1 0.912297 0.742663 0.078373 0.088404
