1 0.109252 0.269384 0.069790 0.097237
0 0.280859 0.250979 0.073852 0.088001
1 0.491964 0.231682 0.068181 0.087121
1 0.702302 0.242319 0.069192 0.119318
0 0.902479 0.266617 0.065512 0.097403
1 0.081367 0.494774 0.069008 0.092695
1 0.300755 0.494789 0.092665 0.109578
1 0.491526 0.480815 0.087440 0.116910
0 0.690037 0.512291 0.072215 0.084311
1 0.904461 0.483905 0.096054 0.097368
1 0.099670 0.751315 0.080624 0.095017
1 0.304846 0.759277 0.069894 0.112870
1 0.491829 0.759539 0.067715 0.094527
0 0.684246 0.752518 0.064681 0.080264
0 0.885144 0.744630 0.095922 0.090400
