1 0.097631 0.253863 0.096824 0.104941
0 0.171508 0.246184 0.086382 0.090189
0 0.253920 0.232644 0.094589 0.115321
1 0.298854 0.262366 0.084470 0.099824
1 0.387358 0.266071 0.071612 0.081879
0 0.462650 0.262661 0.098838 0.104052
1 0.550640 0.239449 0.080391 0.115801
1 0.618296 0.266999 0.077983 0.085011
1 0.667516 0.247924 0.078918 0.088302
1 0.740951 0.232866 0.090544 0.105103
0 0.830783 0.241670 0.064300 0.116097
1 0.886235 0.248210 0.068084 0.091094
1 0.085291 0.761596 0.066511 0.094958
0 0.187964 0.742906 0.094053 0.113951
1 0.251948 0.745382 0.089851 0.085127
1 0.311348 0.753502 0.061870 0.108801
1 0.410014 0.753664 0.088604 0.105906
0 0.464392 0.735971 0.071381 0.090901
0 0.520308 0.737268 0.061435 0.083189
1 0.599286 0.748422 0.066921 0.106436
1 0.676909 0.743353 0.071084 0.112341
0 0.748043 0.757363 0.072875 0.112230
0 0.840934 0.751648 0.076665 0.081335
1 0.906566 0.762296 0.062967 0.095202
