1 0.117196 0.232276 0.067407 0.090606
1 0.157614 0.233390 0.076827 0.116301
1 0.248720 0.255412 0.081751 0.108366
0 0.317368 0.263373 0.086528 0.083310
0 0.390908 0.267843 0.073033 0.108124
1 0.478453 0.259245 0.077805 0.089737
1 0.543105 0.264305 0.078856 0.098335
1 0.608318 0.241645 0.086757 0.091581
1 0.692270 0.260696 0.064965 0.092599
1 0.751949 0.268165 0.070018 0.084011
1 0.824325 0.252266 0.068439 0.104022
1 0.887151 0.248547 0.082057 0.110485
1 0.083367 0.751231 0.080291 0.096167
1 0.178665 0.753945 0.083413 0.104002
0 0.254424 0.766679 0.083983 0.083849
1 0.332589 0.748643 0.078149 0.081371
1 0.395945 0.740892 0.079632 0.108787
1 0.465840 0.744001 0.085263 0.102143
0 0.529019 0.765130 0.080527 0.094860
1 0.595241 0.768387 0.098337 0.091719
1 0.668826 0.759257 0.063373 0.092434
0 0.745299 0.759729 0.078602 0.097012
1 0.832618 0.767750 0.066132 0.117652
0 0.892260 0.741212 0.067486 0.108229
