1 0.082037 0.262325 0.061724 0.095678
1 0.164591 0.264103 0.064745 0.089476
0 0.224038 0.241196 0.071414 0.116419
1 0.279165 0.258906 0.088636 0.093727
1 0.326774 0.230387 0.063331 0.095142
1 0.380696 0.262265 0.085202 0.118880
1 0.451671 0.237076 0.060704 0.084604
1 0.506574 0.253569 0.080666 0.109466
1 0.561191 0.260732 0.085703 0.095492
0 0.632625 0.266264 0.091686 0.096077
1 0.664178 0.256986 0.068668 0.109892
0 0.723403 0.253621 0.063733 0.092892
1 0.804107 0.250626 0.070238 0.119037
1 0.837160 0.236448 0.063410 0.096115
0 0.898950 0.264095 0.074885 0.085387
1 0.092145 0.769001 0.092218 0.107348
0 0.159219 0.759190 0.063210 0.086558
1 0.232707 0.758556 0.095431 0.096932
0 0.288662 0.753322 0.068097 0.080661
1 0.341595 0.762978 0.078013 0.099257
1 0.383756 0.744964 0.076411 0.100826
0 0.433993 0.742149 0.098560 0.090983
1 0.504250 0.749799 0.085011 0.094671
1 0.543813 0.742953 0.096796 0.114862
1 0.632630 0.766278 0.086068 0.102605
0 0.681553 0.739344 0.073960 0.100254
0 0.726877 0.743809 0.084761 0.095048
1 0.775426 0.760777 0.067150 0.105414
0 0.831079 0.756472 0.092415 0.095028
1 0.893123 0.741907 0.067624 0.094856
