1 0.091774 0.247473 0.062887 0.110831
0 0.214389 0.253198 0.093032 0.116369
1 0.351672 0.242348 0.064644 0.103670
1 0.503774 0.250229 0.093033 0.092987
1 0.650101 0.266040 0.069518 0.085845
0 0.751647 0.262673 0.068950 0.109704
1 0.896930 0.269279 0.067988 0.105915
0 0.117638 0.485067 0.075466 0.106115
0 0.248235 0.501007 0.063746 0.115693
0 0.381519 0.495837 0.064291 0.086912
1 0.507591 0.507616 0.094073 0.103421
1 0.625637 0.497749 0.074370 0.086463
1 0.752044 0.513397 0.074645 0.114341
1 0.898705 0.519962 0.068074 0.092954
0 0.098366 0.754082 0.071451 0.111437
1 0.231430 0.751449 0.079175 0.096410
1 0.356836 0.757345 0.085555 0.106586
1 0.492415 0.736344 0.095856 0.088287
0 0.630203 0.741218 0.089122 0.083456
1 0.781509 0.763302 0.077026 0.100412
1 0.910555 0.751470 0.088387 0.092020
