0 0.105029 0.238799 0.075791 0.104343
1 0.165584 0.248546 0.086610 0.087845
1 0.231934 0.246299 0.060611 0.110583
1 0.314219 0.246138 0.096514 0.099577
1 0.381969 0.266116 0.074404 0.083399
0 0.477184 0.246446 0.076829 0.085968
1 0.534928 0.252432 0.077262 0.082814
0 0.613967 0.266418 0.066775 0.101636
1 0.692811 0.241575 0.061937 0.080438
1 0.747493 0.251319 0.077623 0.090394
1 0.807417 0.253920 0.082056 0.083189
1 0.893881 0.238482 0.083233 0.088493
0 0.088483 0.736152 0.063360 0.095508
1 0.158466 0.745924 0.072580 0.080485
1 0.238505 0.732883 0.085779 0.098221
1 0.307445 0.734988 0.076400 0.086993
0 0.402011 0.757464 0.060103 0.081956
0 0.457085 0.766105 0.094606 0.086160
1 0.520212 0.731635 0.096545 0.084654
1 0.591975 0.754222 0.074276 0.112054
1 0.670398 0.737205 0.069633 0.119949
1 0.750555 0.762493 0.080453 0.095897
1 0.822240 0.756494 0.070806 0.089375
1 0.910240 0.756300 0.094859 0.080341
