1 0.114224 0.255994 0.069247 0.092729
0 0.195918 0.254852 0.082899 0.115338
1 0.255340 0.239675 0.081597 0.111588
1 0.330430 0.243769 0.093288 0.085621
0 0.426302 0.252549 0.069444 0.097487
1 0.503558 0.256779 0.071995 0.112739
1 0.560601 0.249755 0.060712 0.094347
1 0.674017 0.230401 0.069813 0.101572
0 0.746599 0.253453 0.066280 0.096378
1 0.834847 0.261198 0.086304 0.119841
1 0.911911 0.253801 0.099336 0.109283
1 0.100132 0.767094 0.079588 0.090922
0 0.187115 0.737235 0.071611 0.118496
1 0.261516 0.757577 0.085631 0.088569
0 0.351817 0.738957 0.094744 0.100027
1 0.412335 0.767252 0.089062 0.080880
1 0.498033 0.747751 0.098893 0.092698
0 0.572649 0.759035 0.073874 0.082969
0 0.664638 0.736045 0.075556 0.100407
1 0.723681 0.746583 0.092681 0.089197
1 0.829060 0.754467 0.074995 0.091649
1 0.901575 0.754895 0.087163 0.094799
