1 0.097126 0.232690 0.095814 0.114552
0 0.218469 0.260323 0.090149 0.101285
1 0.308684 0.249378 0.095954 0.095997
0 0.411623 0.261503 0.097073 0.094058
0 0.506956 0.245895 0.077441 0.118699
1 0.598422 0.256410 0.081552 0.096275
1 0.718564 0.247611 0.067238 0.082506
1 0.799107 0.267560 0.085986 0.086458
1 0.913844 0.262139 0.068349 0.090943
0 0.097311 0.764799 0.072322 0.102296
1 0.193207 0.764135 0.078001 0.089667
1 0.294553 0.741890 0.060512 0.082299
0 0.395752 0.741117 0.063014 0.098757
0 0.487233 0.769057 0.060864 0.095995
0 0.604615 0.750668 0.075403 0.102728
1 0.685792 0.758913 0.069065 0.106198
0 0.783711 0.739131 0.086013 0.113724
1 0.916690 0.750324 0.083448 0.111417
