1 0.110899 0.236191 0.062816 0.085054
1 0.241883 0.252128 0.085413 0.094674
1 0.425720 0.255032 0.066524 0.094786
1 0.592255 0.245899 0.099790 0.119378
0 0.747968 0.251275 0.082810 0.119596
1 0.913532 0.242662 0.069608 0.091372
0 0.082666 0.494025 0.076051 0.116646
0 0.270347 0.490888 0.064259 0.083359
0 0.404478 0.486722 0.063821 0.107379
1 0.569105 0.509015 0.064601 0.118136
0 0.757830 0.497505 0.082422 0.089017
1 0.916230 0.513406 0.087054 0.099578
1 0.112683 0.749437 0.074037 0.091044
0 0.267092 0.733342 0.097233 0.101995
1 0.404864 0.754594 0.094930 0.099825
0 0.576921 0.742977 0.069819 0.101071
0 0.736190 0.735862 0.090834 0.084746
0 0.905511 0.753167 0.088809 0.108510
