0 0.108299 0.262516 0.081075 0.103094
1 0.229142 0.241349 0.092519 0.080973
1 0.333170 0.265826 0.084614 0.118705
0 0.458265 0.268034 0.077583 0.115825
1 0.547259 0.236483 0.075931 0.116566
1 0.664858 0.262795 0.073516 0.111945
0 0.789701 0.239022 0.065262 0.104517
0 0.889780 0.259755 0.061533 0.105920
1 0.111284 0.481852 0.062722 0.095836
1 0.209784 0.487416 0.075323 0.089948
1 0.315258 0.490075 0.084005 0.110770
1 0.456057 0.509366 0.082891 0.101937
1 0.540631 0.482507 0.086225 0.108553
1 0.668203 0.486700 0.090429 0.099295
1 0.784857 0.516790 0.060380 0.092505
0 0.905943 0.512898 0.070110 0.096462
1 0.105257 0.757768 0.094901 0.105257
0 0.227047 0.743962 0.064595 0.115104
1 0.348528 0.769977 0.064071 0.107542
1 0.452874 0.735633 0.068523 0.085585
1 0.544343 0.736772 0.083161 0.094153
1 0.656879 0.748633 0.087616 0.109584
1 0.766156 0.762090 0.091160 0.092674
1 0.911407 0.737867 0.071062 0.102992
