1 0.106260 0.235869 0.073019 0.113443
1 0.176247 0.250400 0.061945 0.105242
1 0.222358 0.240149 0.086449 0.118554
1 0.289971 0.241889 0.062858 0.102942
1 0.334210 0.235973 0.093860 0.112428
1 0.388821 0.262552 0.093344 0.104413
1 0.488613 0.260336 0.061712 0.099376
1 0.531859 0.237016 0.066350 0.106080
1 0.607555 0.239588 0.062367 0.108143
1 0.666717 0.265548 0.088771 0.104967
1 0.726856 0.241285 0.060359 0.080420
0 0.780593 0.252188 0.094087 0.080093
1 0.847418 0.230843 0.087328 0.102678
1 0.894756 0.256270 0.096331 0.092624
0 0.105489 0.768691 0.065973 0.083815
1 0.145258 0.749161 0.066025 0.113027
1 0.215878 0.743093 0.085479 0.099274
1 0.287793 0.732104 0.096983 0.106171
1 0.365485 0.766496 0.086093 0.090318
1 0.412645 0.745206 0.073309 0.115392
1 0.473808 0.769950 0.066374 0.097483
1 0.512627 0.760943 0.087182 0.095587
1 0.611695 0.740893 0.087124 0.100759
1 0.671000 0.753763 0.097745 0.085946
0 0.699337 0.749985 0.078114 0.084287
1 0.796125 0.758711 0.085811 0.105242
1 0.827110 0.753937 0.060416 0.102174
1 0.888195 0.748898 0.066149 0.118451
