1 0.110862 0.266031 0.070321 0.093042
0 0.220491 0.236862 0.064376 0.100671
0 0.340598 0.257837 0.094825 0.084725
0 0.447974 0.247998 0.075008 0.109947
1 0.554571 0.258711 0.077430 0.110320
1 0.668415 0.264048 0.079978 0.081760
1 0.803368 0.253058 0.093021 0.090513
1 0.915055 0.260807 0.067394 0.091161
0 0.106059 0.491854 0.074858 0.095903
0 0.221331 0.489736 0.068702 0.088841
1 0.341567 0.501849 0.067093 0.081605
1 0.457439 0.497715 0.065557 0.111855
0 0.573553 0.496962 0.091821 0.113417
1 0.655486 0.495466 0.066279 0.112849
1 0.772486 0.486912 0.086580 0.111687
1 0.902073 0.499843 0.088105 0.109287
0 0.119350 0.735602 0.067770 0.107006
0 0.226033 0.768915 0.062255 0.111841
1 0.316932 0.759555 0.098379 0.087373
1 0.452641 0.733297 0.097261 0.111173
1 0.565300 0.743019 0.067325 0.111940
0 0.671219 0.753028 0.061215 0.098327
1 0.803495 0.731339 0.082852 0.105922
1 0.904363 0.766817 0.086373 0.118183
