1 0.087918 0.265307 0.093674 0.091051
1 0.219041 0.250282 0.076576 0.099541
1 0.305302 0.247883 0.077090 0.110262
0 0.390531 0.247294 0.064493 0.112730
1 0.516188 0.264010 0.085815 0.094207
1 0.591285 0.240260 0.097579 0.105223
1 0.707208 0.255795 0.073518 0.096714
1 0.818277 0.242104 0.075139 0.098790
0 0.915307 0.264277 0.062272 0.080283
0 0.094984 0.484053 0.068826 0.099087
0 0.181433 0.482910 0.061709 0.098261
0 0.313950 0.519880 0.076354 0.093551
1 0.393705 0.503798 0.078209 0.086799
0 0.505801 0.496203 0.080243 0.099359
1 0.580528 0.498206 0.076544 0.082396
1 0.682523 0.507293 0.094591 0.090804
0 0.807793 0.518007 0.088299 0.091125
1 0.880935 0.488373 0.099220 0.109318
0 0.082108 0.750831 0.096492 0.097490
0 0.196945 0.762242 0.096921 0.082538
1 0.313250 0.752025 0.067960 0.084277
1 0.387778 0.760994 0.088009 0.116793
1 0.487318 0.760064 0.072142 0.093807
1 0.615006 0.735948 0.088872 0.112821
1 0.699509 0.768130 0.085897 0.080914
1 0.817751 0.765306 0.097401 0.088491
0 0.888643 0.763425 0.070875 0.110272
