1 0.083595 0.252306 0.088207 0.081502
0 0.178484 0.249436 0.088717 0.096403
1 0.283406 0.256516 0.079037 0.097443
1 0.373501 0.245143 0.061678 0.084585
1 0.440566 0.260365 0.093459 0.112747
1 0.559295 0.254339 0.061799 0.097486
0 0.626673 0.232700 0.073229 0.092166
1 0.731925 0.264805 0.087342 0.100165
1 0.794443 0.231312 0.088109 0.100657
1 0.910143 0.259978 0.090161 0.104093
1 0.094334 0.750556 0.091611 0.090182
0 0.170561 0.761555 0.063993 0.103713
1 0.287204 0.742249 0.074540 0.107089
1 0.384952 0.763395 0.098572 0.119560
1 0.470040 0.743645 0.061899 0.084953
1 0.558062 0.753242 0.085292 0.090872
1 0.649948 0.766175 0.068263 0.093352
1 0.723569 0.749786 0.077767 0.107605
1 0.830460 0.750593 0.081543 0.111210
1 0.919997 0.741619 0.095071 0.106695
