1 0.106801 0.263809 0.060305 0.112460
1 0.218463 0.269939 0.064667 0.083558
0 0.338354 0.256297 0.077781 0.098061
1 0.425804 0.264097 0.079748 0.105994
1 0.550400 0.241891 0.090471 0.098260
0 0.687757 0.239136 0.099741 0.080119
1 0.768680 0.245725 0.069803 0.106112
0 0.915920 0.262564 0.096874 0.106646
1 0.113692 0.485731 0.096032 0.104472
0 0.222913 0.511486 0.092410 0.109024
1 0.309352 0.496876 0.073402 0.091491
1 0.444655 0.498317 0.099740 0.088196
1 0.576152 0.506241 0.064927 0.086193
1 0.658320 0.504205 0.089272 0.103004
1 0.803220 0.485052 0.070809 0.098020
1 0.893023 0.497473 0.070960 0.113304
0 0.092362 0.752864 0.095958 0.087503
1 0.208980 0.761524 0.096290 0.114632
1 0.346143 0.734411 0.076943 0.111935
1 0.438424 0.769996 0.093133 0.115211
1 0.542285 0.756479 0.072449 0.092343
1 0.663010 0.737118 0.084552 0.112909
1 0.777435 0.735142 0.078424 0.092332
1 0.913608 0.767507 0.073082 0.109585
