1 0.140737 0.200685 0.083344 0.148992
0 0.219112 0.422870 0.098306 0.107961
1 0.299394 0.286311 0.079823 0.115824
1 0.370199 0.210019 0.089200 0.144393
1 0.435116 0.300309 0.094397 0.106333
1 0.549570 0.295534 0.110154 0.131959
1 0.664483 0.323085 0.074902 0.127337
0 0.702411 0.286600 0.100305 0.099895
1 0.875489 0.308847 0.115183 0.121502
0 0.050000 0.747361 0.094008 0.110879
1 0.141740 0.714865 0.096298 0.141066
1 0.247974 0.715421 0.067593 0.096917
1 0.429542 0.751018 0.065668 0.135797
0 0.475417 0.665895 0.104209 0.120000
0 0.505175 0.708405 0.075192 0.108581
1 0.589005 0.701540 0.078797 0.081046
0 0.683382 0.730648 0.091069 0.119003
1 0.784605 0.648372 0.108632 0.090805
