0 0.052198 0.317141 0.062446 0.094914
0 0.243658 0.356823 0.083554 0.131690
1 0.269335 0.388459 0.074068 0.126122
0 0.338701 0.306111 0.061088 0.082434
1 0.526317 0.345720 0.076292 0.097252
1 0.517870 0.259451 0.098744 0.098294
1 0.674492 0.253731 0.097801 0.146261
1 0.804792 0.270063 0.118990 0.087392
0 0.167916 0.698372 0.071838 0.103031
1 0.248545 0.726941 0.083969 0.109814
1 0.315180 0.657876 0.060130 0.087104
0 0.324699 0.691228 0.066943 0.105698
1 0.465321 0.711741 0.094488 0.119760
0 0.561345 0.669384 0.074298 0.109659
1 0.757270 0.727115 0.118210 0.145435
1 0.805087 0.681576 0.071554 0.107599
1 0.948512 0.654621 0.086453 0.098896
