0 0.189358 0.155839 0.096193 0.103509
1 0.225266 0.321216 0.068331 0.131959
0 0.352519 0.260299 0.074657 0.105229
1 0.446729 0.206910 0.116860 0.133518
1 0.533355 0.313613 0.083381 0.086137
1 0.705602 0.251460 0.115870 0.102136
0 0.700762 0.212208 0.114248 0.140325
1 0.102735 0.696653 0.107183 0.149353
1 0.241105 0.636172 0.105910 0.106255
1 0.359128 0.644772 0.080778 0.132959
1 0.519393 0.775394 0.105690 0.110277
1 0.522853 0.669876 0.061878 0.111197
1 0.660409 0.699304 0.098405 0.080087
1 0.759758 0.623218 0.079299 0.123170
