1 0.156449 0.327730 0.070455 0.102879
1 0.192120 0.359574 0.082926 0.093934
0 0.381047 0.221367 0.109095 0.094001
1 0.382901 0.374932 0.062972 0.086806
1 0.411790 0.297689 0.079917 0.148221
1 0.534545 0.318378 0.114814 0.135660
1 0.716329 0.234177 0.069550 0.101117
1 0.751716 0.326882 0.074095 0.094327
1 0.052205 0.699325 0.104411 0.123804
1 0.144687 0.677661 0.090134 0.080039
1 0.310036 0.801524 0.086439 0.141023
0 0.380731 0.600267 0.110596 0.142077
1 0.586351 0.726704 0.092474 0.090271
0 0.685671 0.707373 0.084095 0.100057
0 0.640484 0.651574 0.087585 0.112746
0 0.785896 0.687420 0.102189 0.139399
