0 0.096500 0.249176 0.086559 0.121907
1 0.205285 0.314210 0.117287 0.111346
0 0.221590 0.330682 0.092418 0.092193
1 0.426016 0.255441 0.087947 0.131487
1 0.590006 0.321990 0.095566 0.117665
1 0.570098 0.340107 0.118055 0.127046
1 0.705280 0.336057 0.081898 0.086488
1 0.782700 0.336422 0.088782 0.132821
1 0.109738 0.652580 0.072482 0.083155
0 0.220756 0.791158 0.067210 0.132396
1 0.287602 0.686196 0.111871 0.126832
0 0.333787 0.702124 0.112828 0.112054
1 0.481433 0.718223 0.077820 0.133889
1 0.597559 0.731277 0.088412 0.120683
1 0.713700 0.641399 0.081700 0.122079
0 0.869676 0.739894 0.117650 0.139875
