1 0.081341 0.375006 0.119874 0.098647
0 0.249270 0.265657 0.115291 0.107631
1 0.331595 0.240509 0.119695 0.121895
1 0.468095 0.340091 0.097393 0.121583
1 0.506793 0.322987 0.114890 0.114253
1 0.708876 0.324433 0.095649 0.100429
1 0.776945 0.283132 0.118119 0.089784
0 0.085295 0.702341 0.079619 0.112844
0 0.223398 0.655440 0.066130 0.106246
0 0.334400 0.703510 0.085663 0.113255
1 0.470205 0.699858 0.069971 0.091353
1 0.556820 0.631350 0.117547 0.148588
0 0.692018 0.759093 0.078161 0.119969
0 0.721523 0.615707 0.110548 0.147340
