0 0.050000 0.323288 0.077872 0.139926
1 0.153273 0.256317 0.109945 0.105829
0 0.287130 0.242880 0.096828 0.116951
1 0.243439 0.284491 0.119372 0.115532
1 0.447203 0.299061 0.070892 0.106837
1 0.512578 0.321410 0.111193 0.093495
1 0.547854 0.244484 0.115211 0.126519
1 0.728469 0.281486 0.101226 0.089902
1 0.759473 0.294410 0.095991 0.130214
1 0.068163 0.729157 0.071872 0.137886
0 0.149737 0.630007 0.062724 0.137631
1 0.260701 0.786613 0.074910 0.143585
0 0.301861 0.682515 0.060735 0.118992
1 0.582562 0.662654 0.095265 0.108608
1 0.538722 0.701077 0.095230 0.124268
1 0.650975 0.783349 0.073350 0.094598
1 0.657592 0.779930 0.116879 0.146754
1 0.830684 0.637356 0.077796 0.093772
