1 0.086916 0.305536 0.079008 0.080836
1 0.244924 0.246753 0.069281 0.094410
1 0.361718 0.312504 0.100459 0.120496
1 0.459280 0.250531 0.104028 0.111336
1 0.503811 0.255849 0.066912 0.087418
1 0.642619 0.418137 0.116757 0.100015
1 0.689424 0.343285 0.109468 0.136883
0 0.704453 0.273750 0.091005 0.111880
0 0.111785 0.720637 0.082426 0.093301
1 0.187531 0.659323 0.116406 0.112862
0 0.243602 0.721572 0.086932 0.085184
0 0.425335 0.702522 0.092637 0.081999
0 0.487239 0.740020 0.096753 0.109476
1 0.657241 0.722736 0.083785 0.101729
1 0.676294 0.667018 0.071537 0.104251
1 0.783780 0.711275 0.093303 0.090070
