1 0.113310 0.382021 0.062698 0.088370
1 0.163262 0.335434 0.117358 0.144607
0 0.302831 0.197104 0.100873 0.116212
1 0.268421 0.307182 0.101059 0.127213
0 0.499586 0.319934 0.107005 0.126188
1 0.512598 0.302547 0.060634 0.114622
1 0.597679 0.244109 0.075385 0.142319
1 0.658371 0.275180 0.073109 0.131778
1 0.819432 0.318858 0.074531 0.127687
1 0.154360 0.749975 0.071994 0.138650
0 0.163319 0.690244 0.107452 0.133179
0 0.288169 0.634420 0.093018 0.100950
0 0.378606 0.782794 0.080935 0.080668
0 0.484314 0.690276 0.110425 0.091983
0 0.521500 0.734209 0.083499 0.083767
1 0.663321 0.695210 0.117094 0.136303
0 0.612303 0.666323 0.083795 0.108893
0 0.819714 0.647030 0.113002 0.106287
