0 0.172623 0.315658 0.062424 0.086633
0 0.213789 0.350879 0.076817 0.135167
1 0.302131 0.326382 0.111474 0.103814
0 0.339655 0.331414 0.072762 0.145409
1 0.530784 0.230147 0.110879 0.101149
1 0.594092 0.300947 0.079284 0.120232
0 0.608576 0.290720 0.073396 0.100120
1 0.831152 0.279003 0.088831 0.095789
0 0.876321 0.344477 0.060968 0.137905
0 0.050000 0.696363 0.083050 0.101232
1 0.172677 0.695355 0.061611 0.128944
0 0.346339 0.735197 0.104892 0.089842
1 0.309498 0.729426 0.114929 0.138567
1 0.468039 0.728913 0.086794 0.123237
1 0.611061 0.707839 0.085315 0.103923
0 0.711321 0.845761 0.099539 0.104558
0 0.729942 0.608670 0.099730 0.107555
1 0.799572 0.667457 0.105304 0.115545
1 0.817988 0.639223 0.105726 0.133908
