0 0.113891 0.303700 0.068976 0.133381
1 0.276905 0.292040 0.112538 0.133917
0 0.277709 0.333586 0.080687 0.095801
0 0.417826 0.330566 0.092875 0.111932
1 0.469738 0.314975 0.091637 0.149218
0 0.693395 0.216975 0.090937 0.088709
0 0.741826 0.289607 0.099986 0.084905
1 0.153737 0.715992 0.065849 0.118613
1 0.293932 0.705818 0.090519 0.138483
1 0.375192 0.658905 0.104022 0.123505
1 0.457882 0.635053 0.084863 0.143561
1 0.586987 0.664190 0.088369 0.098249
1 0.670920 0.784906 0.100002 0.109255
1 0.839049 0.716939 0.091728 0.138309
1 0.948382 0.729182 0.093364 0.146066
