1 0.096522 0.314424 0.075068 0.083292
0 0.245145 0.289015 0.068991 0.136060
1 0.335591 0.377853 0.098225 0.095920
1 0.409707 0.394835 0.072963 0.132602
1 0.427749 0.262856 0.074831 0.121506
1 0.478451 0.318148 0.060902 0.118346
0 0.623550 0.324757 0.103258 0.084729
0 0.759163 0.324333 0.101549 0.116792
1 0.749513 0.352390 0.071690 0.120411
0 0.155909 0.742624 0.062753 0.099831
1 0.139006 0.683963 0.116583 0.108967
0 0.268730 0.704557 0.115550 0.088969
0 0.373346 0.635568 0.080371 0.132361
0 0.423515 0.652199 0.113239 0.102474
1 0.616995 0.738385 0.111738 0.147420
1 0.717606 0.688870 0.065674 0.115876
1 0.772338 0.715812 0.095922 0.090026
0 0.813270 0.774745 0.095045 0.081692
